181007
185772
186269
186322
186330
186373
205830
211706
211738
211844
237089
237197
237267
237278
243315
252337
295454
316669
337405
348664
358829
367955
371033
399040
399052
399072
423860
447339
447377
447432
447435
447444
447594
447803
447878
447966
449257
451534
451556
453497
453956
459116
466518
466727
466730
477442
477443
477462
477479
483948
483992
484008
484053
484065
484073
484099
484106
484110
484123
484221
484466
484604
484969
485195
490351
491162
495941
496075
496082
496086
496232
496272
496312
496482
496552
496609
496728
496773
496835
496945
497140
498567
498588
498698
499200
508003
522818
528490
528981
544576
544581
544613
544737
544792
556207
556224
556550
556697
559254
559386
559468
564786
565111
576627
587786
587796
587799
591273
591312
591834
596913
596952
601091
601396
601404
601633
611970
612961
627771
627928
628518
633233
633677
635579
635590
635592
635595
635598
635605
636417
636705
636707
636904
636911
637947
644977
646384
647004
647631
648694
648751
648884
651525
653124
658135
658168
658241
658577
659082
659106
659618
662355
664854
664890
665205
665407
666268
666273
666274
666279
666283
666309
666314
666318
666321
666322
666328
666398
666405
666423
666435
666578
666616
666640
673280
673532
673823
674159
674331
674651
674664
674716
674762
695797
697001
697292
697316
698018
698021
698138
698306
698489
698545
698641
698652
698748
698878
701198
701284
701393
701485
701507
701525
701534
701961
703433
704241
704497
704773
704899
704914
704925
706071
706258
706264
706320
706337
706481
707495
707846
708174
708344
710161
710802
711091
711173
711390
711417
711756
711943
712669
713046
713729
714512
714826
714970
714987
715067
715074
715542
715595
715774
716757
718833
718844
718847
718863
718912
718949
719762
719926
720032
720069
720095
720359
720511
720631
721969
722180
722194
723053
724005
724029
726465
726509
727416
738070
739806
739832
739875
739894
739934
740582
740643
741244
741251
741396
741398
741400
741422
741425
741427
741436
741454
741730
741799
742278
742557
743524
743556
744562
744705
745862
745875
745886
746263
746340
750739
752907
752955
753090
753129
753304
753653
753933
753949
753962
753969
754053
754387
754437
754444
755420
755454
755834
755918
755961
756029
757285
757322
757329
757343
757361
757453
757555
757565
758389
758422
758426
758439
758475
759582
759772
760471
764874
767155
770567
771445
771657
771678
785347
789548
791394
797452
804219
804436
804453
804468
804743
804750
804764
804810
804839
805316
806355
810658
827283
827296
827305
833564
833814
834515
835209
836033
836044
836143
836348
836352
836372
836373
836382
837741
837756
838078
838338
838346
856115
856129
856180
856260
856458
858147
860087
860226
861290
863430
864203
864526
864530
864651
865605
868095
868099
868100
869180
869199
870367
872763
872833
874139
874571
875660
876891
877413
878351
879959
880219
882911
883140
886688
888858
892108
892539
893045
893106
893200
894832
897066
899907
901729
901984
902651
904442
905454
908673
911000
912803
916873
917371
917802
919514
922760
926209
926285
926455
926732
927714
927950
929104
932314
933679
939903
940879
941086
941138
947715
948143
948157
948400
949225
949407
949831
950564
951055
951329
952080
954143
954150
954678
955652
958068
958075
959080
960277
960464
961753
962759
963774
963863
964527
965281
965496
965970
966035
966426
966670
967400
969197
969282
969360
969433
969496
969587
969746
969875
970886
971053
971199
972076
972712
974717
975470
975669
976558
977190
977849
977867
977883
977884
977890
977958
980262
980631
983920
984781
984889
984913
984953
984970
985176
985424
985626
985741
985764
985785
986410
986424
986454
986540
987838
989203
989481
989758
990346
997812
998266
998610
1002591
1002660
1004162
1004858
1008933
1008941
1008955
1008958
1018098
1018118
1018146
1018301
1024531
1027414
1027636
1027665
1028263
1030930
1032263
1032315
1032581
1034881
1035196
1038350
1052226
1289453
1290106
1291126
1291133
1298861
1302372
1302458
1302516
1302578
1302584
1302604
1305435
1305467
1314201
1314258
1314575
1315377
1315518
1323025
1323034
1323064
1323065
1323206
1323239
1323258
1323572
1323578
1323601
1323621
1323678
1324319
1325188
1328875
1337448
1337465
1337977
1338107
1339411
1339473
1343277
1353746
1383323
1383581
1401876
1410136
1410320
1417969
1437039
1453959
1454095
1454097
1457412
1457437
1457461
1457466
1457468
1457497
1457547
1463651
1463658
1463707
1464000
1482340
1482389
1482405
1482432
1482894
1482899
1484486
1484804
1484841
1486357
1486683
1487004
1487022
1487047
1487062
1487121
1487269
1522121
1543477
1543515
1543579
1543583
1544628
1544637
1544693
1544695
1544701
1545586
1545809
1549689
1549707
1549752
1549784
1550401
1550410
1550803
1556464
1556551
1560418
1560632
1565649
1565685
1565851
1565863
1566518
1571402
1585649
1585860
1591225
1596490
1596512
1599749
1599774
1599839
1600153
1600355
1610017
1610063
1610153
1619454
1626376
1628333
1630397
1631989
1632077
1641697
1641702
1641711
1641876
1641928
1641930
1641938
1641982
1642059
1642087
1642091
1642154
1642171
1642217
1642248
1642484
1642664
1645136
1645149
1645159
1645176
1645245
1645259
1645296
1646126
1646148
1646193
1646497
1646737
1647350
1647535
1647589
1647835
1648079
1648227
1648485
1648551
1648866
1649684
1649864
1650703
1651157
1651217
1651256
1651270
1651386
1651407
1652878
1653251
1655079
1655532
1655557
1655599
1655735
1655805
1655840
1656137
1656200
1656387
1657120
1658183
1658367
1658544
1659203
1659268
1659379
1659785
1663743
1669581
1669993
1670144
1670198
1671565
1671590
1671624
1671660
1671771
1671814
1671830
1672860
1673088
1673132
1674157
1674370
1674372
1674373
1676165
1676194
1676383
1676519
1676904
1678669
1678820
1679485
1679497
1680070
1680384
1680502
1680510
1680512
1680516
1680522
1680530
1680544
1680550
1680552
1680554
1680562
1680566
1680567
1680585
1680670
1680685
1680735
1680736
1680738
1680811
1680815
1681669
1681686
1682672
1683078
1683857
1683869
1683898
1683899
1683903
1684244
1685203
1685642
1685684
1685764
1685962
1686127
1686169
1686258
1686264
1686355
1686766
1686770
1688378
1688379
1688672
1688735
1689346
1689930
1689952
1690373
1690399
1690404
1690431
1690439
1690449
1691558
1691902
1692397
1692765
1692807
1692849
1694391
1694596
1694654
1695295
1695394
1695771
1696333
1696445
1696608
1696645
1697179
1697197
1697370
1697378
1697397
1698128
1698353
1698620
1698742
1698752
1698833
1699967
1700283
1700578
1700594
1700666
1702058
1702564
1702567
1702912
1703359
1704203
1704631
1705195
1705213
1705218
1705397
1707439
1707458
1707475
1707574
1707593
1707596
1707633
1707702
1707959
1708153
1708667
1708676
1708880
1709018
1709371
1709488
1709572
1710182
1710289
1710573
1710631
1710975
1711724
1712735
1713013
1713505
1713522
1713528
1714061
1714151
1715026
1715293
1716350
1716578
1716614
1718293
1718348
1718876
1719113
1719144
1719808
1719869
1720437
1725039
1729736
1731954
1735577
1736898
1745858
1746200
1750261
1750341
1750438
1760111
1767442
1767853
1768827
1769615
1774643
1774740
1774762
1774789
1774827
1784200
1784219
1784316
1784382
1784419
1784431
1784440
1784799
1785283
1785325
1785375
1785399
1785521
1785737
1785863
1786236
1786687
1786806
1786931
1786986
1787087
1787633
1787916
1787978
1788068
1788462
1789938
1790028
1790179
1791089
1792596
1793127
1793295
1793603
1793782
1793879
1794162
1794190
1794328
1794472
1794651
1794956
1795056
1795166
1795262
1795278
1795288
1795576
1795594
1795807
1796126
1796148
1796683
1796684
1796803
1796833
1796900
1796970
1797005
1798034
1798708
1799160
1799884
1800172
1800193
1800242
1800288
1800305
1801586
1801594
1803068
1803093
1803528
1803702
1804269
1808051
1809120
1811117
1811261
1811757
1811929
1812949
1813204
1814496
1814529
1814626
1814816
1815094
1815778
1818160
1818175
1819286
1819627
1819785
1819959
1821083
1824201
1824232
1824529
1824797
1825342
1825392
1825473
1827729
1829131
1829555
1829797
1829806
1829819
1829823
1829828
1829833
1829839
1830048
1830058
1832468
1832497
1832519
1832737
1832912
1834316
1834318
1834581
1835819
1838572
1838869
1839357
1839371
1840496
1840664
1840746
1841933
1842185
1844272
1851835
1852026
1853595
1854972
1854978
1856974
1857083
1857366
1857469
1857711
1857844
1861406
1862882
1864392
1865115
1865130
1865147
1865174
1865251
1865355
1865434
1865795
1865897
1868219
1868496
1868625
1868771
1869215
1869247
1869272
1869479
1869616
1869725
1869851
1870017
1870056
1870513
1870920
1871095
1871198
1871354
1871406
1871424
1871484
1871503
1871751
1872033
1872256
1872409
1872410
1872436
1872440
1872572
1872867
1873050
1873154
1873191
1874318
1874624
1874652
1874674
1874839
1875040
1875444
1875697
1875755
1875789
1875833
1875903
1876213
1876224
1876238
1876278
1876496
1877010
1877052
1877138
1877210
1877645
1878910
1878913
1878916
1878933
1879054
1879132
1879163
1885946
1886052
1886981
1887259
1887291
1887297
1887306
1887372
1887466
1887495
1887508
1887520
1887569
1887616
1887714
1887767
1887911
1887955
1888006
1888076
1888559
1889056
1889157
1889412
1889614
1889754
1889782
1889786
1890486
1892054
1892068
1892077
1892080
1892620
1893282
1893976
1894535
1894552
1894882
1894902
1894925
1894934
1895006
1895012
